total train data:640
total test :74
seed:17
AUC = 0.6973684210526315
ACCURACY = 0.7027027027027027
PreCISION = 0.7807125307125308
