train data per fold:482
test data per fold:232
seed:17
auc: 0.7370580808080808
accuracy: 0.7586206896551724
precision: 0.6951219512195121
tpr: 0.6477272727272727
tnr: 0.8263888888888888
fpr: 0.1736111111111111
fnr: 0.3522727272727273
