train data per fold:568
test data per fold:146
seed:17
auc: 0.7448412698412699
accuracy: 0.7602739726027398
precision: 0.6909090909090909
tpr: 0.6785714285714286
tnr: 0.8111111111111111
fpr: 0.18888888888888888
fnr: 0.32142857142857145
