train data per fold:713
test data per fold:1
auc: 0.4061624649859944
accuracy: 0.7801120448179272
precision: 0.7547892720306514
tpr: 0.6793103448275862
tnr: 0.8490566037735849
fpr: 0.1509433962264151
fnr: 0.32068965517241377
